1,2,3,4,5,6,7,8,9,10,11,12,13,14,15,16,17,18,19,20
0.69759,-2.6559e-16
0.69759,-2.6559e-16,-0.11123
0.69759,-2.6559e-16,-0.11123,2.3962e-16
0.69759,-2.6559e-16,-0.11123,2.3962e-16,0.014075
0.69759,-2.6559e-16,-0.11123,2.3962e-16,0.014075,-5.6096e-17
0.69759,-2.6559e-16,-0.11123,2.3962e-16,0.014075,-5.6096e-17,-0.0015071
0.69759,-2.6559e-16,-0.11123,2.3962e-16,0.014075,-5.6096e-17,-0.0015071,6.6715e-18
0.69759,-2.6559e-16,-0.11123,2.3962e-16,0.014075,-5.6096e-17,-0.0015071,6.6715e-18,0.00013693
0.69759,-2.6559e-16,-0.11123,2.3962e-16,0.014075,-5.6096e-17,-0.0015071,6.6715e-18,0.00013693,-5.6457e-19
0.69759,-2.6559e-16,-0.11123,2.3962e-16,0.014075,-5.6096e-17,-0.0015071,6.6715e-18,0.00013693,-5.6457e-19,-1.0683e-05
0.69759,-2.6559e-16,-0.11123,2.3962e-16,0.014075,-5.6096e-17,-0.0015071,6.6715e-18,0.00013693,-5.6457e-19,-1.0683e-05,3.7641e-20
0.69759,-2.6559e-16,-0.11123,2.3962e-16,0.014075,-5.6096e-17,-0.0015071,6.6715e-18,0.00013693,-5.6457e-19,-1.0683e-05,3.7641e-20,7.2632e-07
0.69759,-2.6559e-16,-0.11123,2.3962e-16,0.014075,-5.6096e-17,-0.0015071,6.6715e-18,0.00013693,-5.6457e-19,-1.0683e-05,3.7641e-20,7.2632e-07,-2.0434e-21
0.69759,-2.6559e-16,-0.11123,2.3962e-16,0.014075,-5.6096e-17,-0.0015071,6.6715e-18,0.00013693,-5.6457e-19,-1.0683e-05,3.7641e-20,7.2632e-07,-2.0434e-21,-4.3638e-08
0.69759,-2.6559e-16,-0.11123,2.3962e-16,0.014075,-5.6096e-17,-0.0015071,6.6715e-18,0.00013693,-5.6457e-19,-1.0683e-05,3.7641e-20,7.2632e-07,-2.0434e-21,-4.3638e-08,5.6084e-23
0.69759,-2.6559e-16,-0.11123,2.3962e-16,0.014075,-5.6096e-17,-0.0015071,6.6715e-18,0.00013693,-5.6457e-19,-1.0683e-05,3.7641e-20,7.2632e-07,-2.0434e-21,-4.3638e-08,5.6084e-23,2.3451e-09
0.69759,-2.6559e-16,-0.11123,2.3962e-16,0.014075,-5.6096e-17,-0.0015071,6.6715e-18,0.00013693,-5.6457e-19,-1.0683e-05,3.7641e-20,7.2632e-07,-2.0434e-21,-4.3638e-08,5.6084e-23,2.3451e-09,-1.8627e-25
0.69759,-2.6559e-16,-0.11123,2.3962e-16,0.014075,-5.6096e-17,-0.0015071,6.6715e-18,0.00013693,-5.6457e-19,-1.0683e-05,3.7641e-20,7.2632e-07,-2.0434e-21,-4.3638e-08,5.6084e-23,2.3451e-09,-1.8627e-25,-1.1389e-10
0.69759,-2.6559e-16,-0.11123,2.3962e-16,0.014075,-5.6096e-17,-0.0015071,6.6715e-18,0.00013693,-5.6457e-19,-1.0683e-05,3.7641e-20,7.2632e-07,-2.0434e-21,-4.3638e-08,5.6084e-23,2.3451e-09,-1.8627e-25,-1.1389e-10,-9.5238e-26
0.69759,-2.6559e-16,-0.11123,2.3962e-16,0.014075,-5.6096e-17,-0.0015071,6.6715e-18,0.00013693,-5.6457e-19,-1.0683e-05,3.7641e-20,7.2632e-07,-2.0434e-21,-4.3638e-08,5.6084e-23,2.3451e-09,-1.8627e-25,-1.1389e-10,-9.5238e-26,5.0422e-12
